2.4674011002723395 2.4674011002723395 1 1 0
2.4674011002723395 2.4674011002723395 1 0 0
2.4674011002723395 2.4674011002723395 1 0 0
2.4674011002723395 2.4674011002723395 1 0 0
2.4674011002723395 2.4674011002723395 1 0 0
2.4674011002723395 2.4674011002723395 1 0 0
2.4674011002723395 2.4674011002723395 1 0 0
2.4674011002723395 2.4674011002723395 1 0 0
2.4674011002723395 2.4674011002723395 1 0 0
2.4674011002723395 2.4674011002723395 1 0 0
2.4674011002723395 2.4674011002723395 1 0 1 
2.4674011002723395 2.4674011002723395 1 0 0
2.4674011002723395 2.4674011002723395 1 0 0
2.4674011002723395 2.4674011002723395 1 0 0
2.4674011002723395 2.4674011002723395 1 0 0
2.4674011002723395 2.4674011002723395 1 0 0
